$ 1 1E-06 0.498 5
TRANSFORMER 440 256 472 288 0 0.001 1 1.28e-12 1.42e-08 0.999
TRANSFORMER 328 256 360 288 0 0.001 1 1.25e-11 1.39e-07 0.999
TRANSFORMER 216 256 248 288 0 0.001 1 -1.38e-11 -1.53e-07 0.999
RESISTOR 328 256 328 224 0 1
RESISTOR 216 256 216 224 0 1
RESISTOR 440 256 440 224 0 1
CAPACITOR 184 72 184 112 0 1e-09 1.39e-07
CAPACITOR 216 72 216 112 0 1e-09 -1.26e-07
CAPACITOR 248 72 248 112 0 1e-09 -1.3e-08
SWITCH_MULTI 192 240 192 208 0 1 False 2 2
SWITCH_MULTI 304 240 304 208 0 1 False 2 2
SWITCH_MULTI 416 240 416 208 0 1 False 2 2
WIRE 440 224 440 152 0
WIRE 328 224 328 168 0
WIRE 216 224 216 184 0
WIRE 416 240 416 288 0
WIRE 416 288 440 288 0
WIRE 304 240 304 288 0
WIRE 304 288 328 288 0
WIRE 192 288 216 288 0
WIRE 424 208 424 200 0
WIRE 312 208 312 200 0
WIRE 200 200 200 208 0
WIRE 424 200 312 200 0
WIRE 312 200 200 200 0
WIRE 408 208 408 168 0
WIRE 296 208 296 184 0
WIRE 184 208 184 152 0
RESISTOR 280 112 280 72 0 1e+04 RVw
RESISTOR 312 72 312 112 0 1e+04 RVv
RESISTOR 344 112 344 72 0 1e+04 RVu
WIRE 192 240 192 288 0
RESISTOR 136 24 184 24 0 1e+03
RESISTOR 136 48 184 48 0 1e+03
RESISTOR 136 72 184 72 0 1e+03
WIRE 104 104 104 48 0
WIRE 136 104 136 24 0
WIRE 296 184 216 184 0
WIRE 408 168 328 168 0
WIRE 440 152 184 152 0
WIRE 144 152 184 152 0
WIRE 328 168 112 168 0
WIRE 112 168 112 152 0
WIRE 80 152 80 184 0
WIRE 216 184 80 184 0
WIRE 72 72 72 104 0
VOLTMETER 376 24 376 112 1 0 AUTO
WIRE 344 112 376 112 0
WIRE 344 24 376 24 0
WIRE 184 24 248 24 0
WIRE 184 48 216 48 0
WIRE 184 72 280 72 0
WIRE 136 72 72 72 0
WIRE 104 48 136 48 0
WIRE 216 72 216 48 0
WIRE 248 72 248 24 0
WIRE 248 24 344 24 0
WIRE 216 48 312 48 0
WIRE 312 72 312 48 0
WIRE 344 72 344 24 0
WIRE 344 112 312 112 0
WIRE 312 112 280 112 0
WIRE 280 112 248 112 0
WIRE 248 112 216 112 0
WIRE 216 112 184 112 0
WIRE 248 256 272 256 0
WIRE 360 256 384 256 0
WIRE 472 256 496 256 0
RESISTOR 272 256 272 288 0 1 R
RESISTOR 384 256 384 288 0 1 R
RESISTOR 496 256 496 288 0 1 R
GROUND 264 328 264 336 0
GROUND 376 328 376 336 0
GROUND 488 328 488 336 0
SWITCH_MULTI 272 288 272 328 0 1 False 3 2
SWITCH_MULTI 384 288 384 328 0 1 False 3 2
SWITCH_MULTI 496 288 496 328 0 1 False 3 2
GROUND 248 288 256 288 0
GROUND 360 288 368 288 0
GROUND 472 288 480 288 0
RAIL_AC 504 328 504 392 0 SIN 200 5 0 120 0 0.50 0 1 1 1
RAIL_AC 392 328 392 392 0 SIN 200 5 0 0 0 0.50 0 0 1 1
RAIL_AC 280 328 280 392 0 SIN 200 5 0 -120 0 0.50 0 0 1 1
RESISTOR 64 200 64 240 0 1
RESISTOR 96 200 96 240 0 1
RESISTOR 128 200 128 240 0 1
WIRE 64 240 96 240 0
WIRE 96 240 128 240 0
SWITCH_MULTI 104 104 104 152 0 0 False 1 2
SWITCH_MULTI 136 104 136 152 0 0 False 1 2
SWITCH_MULTI 72 104 72 152 0 0 False 1 2
WIRE 64 152 64 200 0
WIRE 96 152 96 200 0
WIRE 128 152 128 200 0
INPUT_TERMINAL 136 24 48 24 0 MU
INPUT_TERMINAL 104 48 48 48 0 MV
INPUT_TERMINAL 72 72 48 72 0 MW
o 8 18 12 0 1 46_GREEN
& 81 2 0 1000 周波数
& 81 4 -180 180 オフセット位相
