$ 1 1E-06 0 0
RAIL 640 72 640 40 0 DC 40 7.4 0 0 0 0.00 0 0 0 0
MOSFET 568 104 672 104 32 1.5 1
MOSFET 568 160 672 160 32 1.5 1
MOSFET 568 240 640 240 32 1.5 1
MOSFET 568 296 640 296 32 1.5 1
MOSFET 568 376 608 376 32 1.5 1
MOSFET 568 432 608 432 32 1.5 1
TRANSFORMER 1224 312 1256 344 0 0.001 1 -0.668 -2.93 0.999
TRANSFORMER 1112 312 1144 344 0 0.001 1 0.00109 3.38 0.999
TRANSFORMER 1000 312 1032 344 0 0.001 1 0.667 -0.446 0.999
RESISTOR 568 432 568 464 0 4.7e+03 Rw-
RESISTOR 568 376 568 408 0 1e+04 Rw\p
RESISTOR 568 296 568 328 0 4.7e+03 Rv-
RESISTOR 568 160 568 192 0 4.7e+03 Ru-
RESISTOR 568 104 568 136 0 1e+04 Ru\p
RESISTOR 568 272 568 240 0 1e+04 Rv\p
RESISTOR 1112 312 1112 280 0 1
RESISTOR 1000 312 1000 280 0 1
RESISTOR 1224 312 1224 280 0 1
CAPACITOR 968 128 968 168 0 1e-09 3.91
CAPACITOR 1000 128 1000 168 0 1e-09 -1.49
CAPACITOR 1032 128 1032 168 0 1e-09 -2.42
SWITCH_MULTI 976 296 976 264 0 1 False 2 2
SWITCH_MULTI 1088 296 1088 264 0 1 False 2 2
SWITCH_MULTI 1200 296 1200 264 0 1 False 2 2
WIRE 544 72 544 128 0
WIRE 544 208 544 264 0
WIRE 504 104 568 104 0
WIRE 504 160 568 160 0
WIRE 504 240 568 240 0
WIRE 504 296 568 296 0
WIRE 504 376 568 376 0
WIRE 504 432 568 432 0
WIRE 640 272 608 272 0
WIRE 672 136 608 136 0
WIRE 1224 280 1224 208 0
WIRE 1112 280 1112 224 0
WIRE 1000 280 1000 240 0
WIRE 1200 296 1200 344 0
WIRE 1200 344 1224 344 0
WIRE 1088 296 1088 344 0
WIRE 1088 344 1112 344 0
WIRE 976 344 1000 344 0
WIRE 1208 264 1208 256 0
WIRE 1096 264 1096 256 0
WIRE 984 256 984 264 0
WIRE 1208 256 1096 256 0
WIRE 1096 256 984 256 0
WIRE 1192 264 1192 224 0
WIRE 1080 264 1080 240 0
WIRE 968 264 968 208 0
GROUND 640 512 640 520 0
RESISTOR 1064 168 1064 128 0 1e+04 RVw
RESISTOR 1096 128 1096 168 0 1e+04 RVv
RESISTOR 1128 168 1128 128 0 1e+04 RVu
WIRE 976 296 976 344 0
WIRE 568 328 640 328 0
WIRE 568 464 608 464 0
WIRE 672 192 568 192 0
RESISTOR 920 80 968 80 0 1e+03
RESISTOR 920 104 968 104 0 1e+03
RESISTOR 920 128 968 128 0 1e+03
WIRE 888 160 888 104 0
WIRE 920 160 920 80 0
WIRE 1080 240 1000 240 0
WIRE 1192 224 1112 224 0
WIRE 1224 208 968 208 0
WIRE 928 208 968 208 0
WIRE 1112 224 896 224 0
WIRE 896 224 896 208 0
WIRE 864 208 864 240 0
WIRE 1000 240 864 240 0
WIRE 168 80 168 120 0
AND_GATE 184 128 224 128 1 2 0 5
AND_GATE 184 160 224 160 1 2 5 5
WIRE 280 208 248 208 0
WIRE 280 288 224 288 0
WIRE 280 320 224 320 0
AND_GATE 184 208 224 208 1 2 0 5
AND_GATE 184 240 224 240 1 2 0 5
AND_GATE 184 288 224 288 1 2 5 5
AND_GATE 184 320 224 320 1 2 0 5
WIRE 152 64 152 168 0
WIRE 136 48 136 248 0
WIRE 24 296 184 296 0
WIRE 152 168 152 200 0
WIRE 136 248 136 280 0
WIRE 184 136 104 136 0
WIRE 184 216 64 216 0
RAIL 56 416 56 400 0 PWM_MONOPOLE 200 5 0 -120 0 1.00 0 0 1 0
RAIL 104 416 104 400 0 PWM_MONOPOLE 200 5 0 0 0 1.00 0 0 1 0
RAIL 152 416 152 400 0 PWM_MONOPOLE 200 5 0 120 0 1.00 0 0 1 0
WIRE 152 48 152 64 0
WIRE 168 48 168 80 0
WIRE 856 128 856 160 0
VOLTMETER 1160 80 1160 168 1 0 AUTO
WIRE 1128 168 1160 168 0
WIRE 1128 80 1160 80 0
WIRE 224 128 280 128 0
WIRE 224 160 264 160 0
NOR_GATE 272 344 272 384 1 2 0 5
NOR_GATE 240 344 240 384 1 2 5 5
WIRE 280 344 280 128 0
WIRE 264 344 264 160 0
WIRE 264 160 280 160 0
WIRE 248 344 248 208 0
WIRE 232 344 232 240 0
WIRE 248 208 224 208 0
WIRE 232 240 224 240 0
OUTPUT_TERMINAL 272 384 272 400 0 Vu label
OUTPUT_TERMINAL 240 384 240 400 0 Vv label
RESISTOR 504 128 544 128 0 4.7e+03
RESISTOR 504 264 544 264 0 4.7e+03
WIRE 544 344 544 400 0
RESISTOR 504 400 544 400 0 4.7e+03
WIRE 544 128 544 208 0
WIRE 544 264 544 344 0
WIRE 544 72 504 72 0
WIRE 504 208 544 208 0
WIRE 504 344 544 344 0
DIODE 568 136 608 136 2 default
DIODE 568 272 608 272 2 default
DIODE 568 408 608 408 2 default
WIRE 232 240 280 240 0
RESISTOR 640 464 640 512 0 0.1
CAPACITOR 672 464 672 512 0 1e-05 0.0669
GROUND 672 512 672 520 0
WIRE 184 296 184 312 0
WIRE 184 216 184 232 0
WIRE 184 136 184 152 0
WIRE 184 120 168 120 0
WIRE 184 168 152 168 0
WIRE 184 200 152 200 0
WIRE 184 248 136 248 0
WIRE 184 280 136 280 0
WIRE 168 120 168 328 0
WIRE 168 328 184 328 0
XOR_GATE 104 80 104 136 1 2 5 5
XOR_GATE 64 80 64 136 1 2 0 5
XOR_GATE 24 80 24 136 1 2 5 5
WIRE 112 80 168 80 0
WIRE 96 80 96 64 0
WIRE 96 64 152 64 0
WIRE 64 136 64 216 0
WIRE 72 80 72 64 0
WIRE 72 64 96 64 0
WIRE 56 80 56 48 0
WIRE 56 48 136 48 0
WIRE 16 80 16 48 0
WIRE 16 48 56 48 0
WIRE 32 80 112 80 0
WIRE 24 136 24 296 0
RESISTOR 416 72 456 72 0 470 R
RESISTOR 416 128 456 128 0 470 R
RESISTOR 416 208 456 208 0 470 R
RESISTOR 416 264 456 264 0 470 R
RESISTOR 416 344 456 344 0 470 R
RESISTOR 416 400 456 400 0 470 R
OPTO_COUPLER 456 72 504 72 0 default -0.000000_0.000000_0.390085_12.000000_2 1_-11.6_0.169_700 default
OPTO_COUPLER 456 128 504 128 0 default -0.000000_0.000000_6.590007_6.079120_2 1_0.511_0.602_700 default
OPTO_COUPLER 456 208 504 208 0 default -0.000000_0.000000_0.019554_12.000000_2 1_-12_0.169_700 default
OPTO_COUPLER 456 264 504 264 0 default -0.000000_0.000000_0.236342_12.000000_2 1_-11.8_0.169_700 default
OPTO_COUPLER 456 344 504 344 0 default -0.000000_0.000000_12.511678_12.000000_2 1_0.512_0.576_700 default
OPTO_COUPLER 456 400 504 400 0 default -0.000000_0.000000_0.236342_12.000000_2 1_-11.8_0.169_700 default
GROUND 456 104 432 104 0
GROUND 456 160 432 160 0
GROUND 456 240 432 240 0
GROUND 456 296 432 296 0
GROUND 456 376 432 376 0
GROUND 456 432 432 432 0
WIRE 608 392 608 408 0
WIRE 608 416 608 408 0
WIRE 608 464 608 448 0
WIRE 640 328 640 312 0
WIRE 640 280 640 272 0
WIRE 640 272 640 256 0
WIRE 672 192 672 176 0
WIRE 672 144 672 136 0
WIRE 672 136 672 120 0
WIRE 640 224 640 72 0
WIRE 608 360 608 72 0
WIRE 640 328 640 464 0
WIRE 608 464 640 464 0
WIRE 640 464 672 464 0
WIRE 672 464 672 192 0
WIRE 672 88 672 72 0
WIRE 672 72 640 72 0
WIRE 640 72 608 72 0
RAIL_DC 544 72 544 40 0 DC 100 12 0 0 0 0.50 0 0 0 0
WIRE 672 136 696 136 0
WIRE 968 80 1032 80 0
WIRE 968 104 1000 104 0
WIRE 968 128 1064 128 0
WIRE 920 128 856 128 0
WIRE 888 104 920 104 0
WIRE 1000 128 1000 104 0
WIRE 1032 128 1032 80 0
WIRE 1032 80 1128 80 0
WIRE 1000 104 1096 104 0
WIRE 1096 128 1096 104 0
WIRE 1128 128 1128 80 0
WIRE 1128 168 1096 168 0
WIRE 1096 168 1064 168 0
WIRE 1064 168 1032 168 0
WIRE 1032 168 1000 168 0
WIRE 1000 168 968 168 0
WIRE 1032 312 1056 312 0
WIRE 1144 312 1168 312 0
WIRE 1256 312 1280 312 0
RESISTOR 1056 312 1056 344 0 1 R
RESISTOR 1168 312 1168 344 0 1 R
RESISTOR 1280 312 1280 344 0 1 R
GROUND 1048 384 1048 392 0
GROUND 1160 384 1160 392 0
GROUND 1272 384 1272 392 0
SWITCH_MULTI 1056 344 1056 384 0 0 False 3 2
SWITCH_MULTI 1168 344 1168 384 0 0 False 3 2
SWITCH_MULTI 1280 344 1280 384 0 0 False 3 2
GROUND 1032 344 1040 344 0
GROUND 1144 344 1152 344 0
GROUND 1256 344 1264 344 0
RAIL_AC 1288 384 1288 448 0 SIN 200 5 0 120 0 0.50 0 1 1 1
RAIL_AC 1176 384 1176 448 0 SIN 200 5 0 0 0 0.50 0 0 1 1
RAIL_AC 1064 384 1064 448 0 SIN 200 5 0 -120 0 0.50 0 0 1 1
VOLTMETER 696 104 696 136 1 0 FIXED
VOLTMETER 696 160 696 192 1 0 FIXED
WIRE 568 160 696 160 0
WIRE 696 192 672 192 0
WIRE 568 104 696 104 0
RESISTOR 848 256 848 296 0 1
RESISTOR 880 256 880 296 0 1
RESISTOR 912 256 912 296 0 1
WIRE 848 296 880 296 0
WIRE 880 296 912 296 0
SWITCH_MULTI 888 160 888 208 0 0 False 1 2
SWITCH_MULTI 920 160 920 208 0 0 False 1 2
SWITCH_MULTI 856 160 856 208 0 0 False 1 2
WIRE 848 208 848 256 0
WIRE 880 208 880 256 0
WIRE 912 208 912 256 0
OUTPUT_TERMINAL 280 128 296 128 0 U+
OUTPUT_TERMINAL 280 160 296 160 0 U-
OUTPUT_TERMINAL 280 208 296 208 0 V+
OUTPUT_TERMINAL 280 240 296 240 0 V-
OUTPUT_TERMINAL 280 288 296 288 0 W+
OUTPUT_TERMINAL 280 320 296 320 0 W-
INPUT_TERMINAL 416 72 400 72 0 U+
INPUT_TERMINAL 416 128 400 128 0 U-
INPUT_TERMINAL 416 208 400 208 0 V+
INPUT_TERMINAL 416 264 400 264 0 V-
INPUT_TERMINAL 416 344 400 344 0 W+
INPUT_TERMINAL 416 400 400 400 0 W-
INPUT_TERMINAL 168 48 168 32 0 U
INPUT_TERMINAL 152 48 152 32 0 V
INPUT_TERMINAL 136 48 136 32 0 W
OUTPUT_TERMINAL 152 416 152 424 0 U
OUTPUT_TERMINAL 104 416 104 424 0 V
OUTPUT_TERMINAL 56 416 56 424 0 W
OUTPUT_TERMINAL 696 136 720 136 0 MU
OUTPUT_TERMINAL 640 272 720 272 0 MV
OUTPUT_TERMINAL 608 408 720 408 0 MW
INPUT_TERMINAL 920 80 832 80 0 MU
INPUT_TERMINAL 888 104 832 104 0 MV
INPUT_TERMINAL 856 128 832 128 0 MW
o 8 2 0.5 0 1 224_GREEN
o 8 2 5 0 1 225_RED
o 8 18 5 0 1 109_GREEN
o 8 18 12 0 1 95_GREEN
& 222 2 0 1000 周波数
& 222 4 -180 180 オフセット位相
