$ 0 1E-06 0.116 2
RESISTOR 336 112 336 152 0 1e+04 R
CAPACITOR 368 240 368 280 0 1e-07 0.345 C
RESISTOR 336 176 336 216 0 1e+04 R
CAPACITOR 368 112 368 152 0 1e-07 0.368 C
RESISTOR 336 240 336 280 0 1e+04 R
CAPACITOR 368 176 368 216 0 1e-07 0.563 C
WIRE 336 112 368 112 0
WIRE 368 176 336 176 0
WIRE 368 240 336 240 0
WIRE 336 152 368 152 0
WIRE 336 280 368 280 0
WIRE 400 280 368 280 0
WIRE 368 152 400 152 0
GROUND 424 280 440 280 0
GROUND 424 216 440 216 0
GROUND 424 152 440 152 0
AM 456 112 480 112 0 100000 100 1 2.0943951023932 0.33 AM
AM 456 240 480 240 0 100000 100 1 -2.0943951023932 0.33 AM
WIRE 336 216 368 216 0
RESISTOR 424 112 456 112 0 10 R
RESISTOR 424 176 456 176 0 10 R
RESISTOR 424 240 456 240 0 10 R
AM 456 176 480 176 0 100000 100 1 0 0.33 AM
WIRE 400 216 368 216 0
RESISTOR 240 240 240 280 0 1e+05 R
RESISTOR 272 240 272 280 0 1e+05 R
RESISTOR 208 240 208 280 0 1e+05 R
WIRE 336 240 272 240 0
WIRE 336 176 240 176 0
WIRE 240 240 240 176 0
WIRE 336 112 208 112 0
WIRE 208 112 208 240 0
WIRE 208 280 240 280 0
WIRE 240 280 272 280 0
WIRE 176 280 208 280 0
TRANSFORMER 400 240 424 280 0 0.0005 1 1.71e-07 0.00178 0.999 T
TRANSFORMER 400 176 424 216 0 0.0005 1 1.71e-07 0.00237 0.999 T
TRANSFORMER 400 112 424 152 0 0.0005 1 1.71e-07 0.00181 0.999 T
OPAMP 136 232 88 232 10 3 0 1000000 0.345 0.345
WIRE 136 240 272 240 0
RESISTOR 176 224 136 224 0 4.7e+04 R
RESISTOR 88 200 136 200 0 1e+05 R
WIRE 136 200 136 224 0
WIRE 88 200 88 232 0
WIRE 176 224 176 280 0
OPAMP 136 168 88 168 10 3 0 1000000 0.563 0.563
RESISTOR 136 160 176 160 0 4.7e+04 R
WIRE 176 160 176 96 0
WIRE 240 176 136 176 0
RESISTOR 88 136 136 136 0 1e+05 R
WIRE 136 136 136 160 0
WIRE 88 136 88 168 0
OPAMP 136 104 88 104 10 3 0 1000000 0.368 0.368
RESISTOR 136 96 176 96 0 4.7e+04 R
WIRE 176 224 176 160 0
WIRE 208 112 136 112 0
RESISTOR 88 72 136 72 0 1e+05 R
WIRE 136 72 136 96 0
WIRE 88 72 88 104 0
RESISTOR 88 232 40 232 0 1e+03 R
RESISTOR 88 168 40 168 0 1e+03 R
RESISTOR 88 104 40 104 0 1e+03 R
GROUND 40 104 32 104 0
GROUND 40 232 32 232 0
GROUND 40 168 32 168 0
DIODE 400 112 368 112 2 default D
DIODE 400 176 368 176 2 default D
DIODE 400 240 368 240 2 default D
LABELED_NODE 88 104 56 64 0 outputU label
LABELED_NODE 456 112 456 88 0 inputU label
GROUND 336 152 312 152 0
GROUND 336 216 312 216 0
GROUND 336 280 312 280 0
o 16 8210 0.465 0 1 69_GREEN inputU
o 16 8210 0.391 0 1 68_GREEN outputU
