$ 1 2.9999999999999997E-05 0.52 0
RESISTOR 96 64 144 64 0 1e+04 R
RESISTOR 96 88 144 88 0 1e+04 R
RESISTOR 96 112 144 112 0 1e+04 R
WIRE 144 64 144 88 0
WIRE 144 88 144 112 0
RESISTOR 48 160 96 160 0 1e+04 R
RESISTOR 96 160 144 160 0 1e+04 R
RESISTOR 96 256 144 256 0 1e+04 R
RESISTOR 48 256 96 256 0 1e+04 R
RESISTOR 48 208 96 208 0 1e+04 R
RESISTOR 96 208 144 208 0 1e+04 R
WIRE 144 256 144 208 0
WIRE 144 208 144 160 0
WIRE 96 208 96 184 0
WIRE 96 184 144 184 0
WIRE 96 160 96 136 0
WIRE 96 136 144 136 0
WIRE 96 256 96 232 0
WIRE 96 232 144 232 0
WIRE 144 160 144 112 0
RESISTOR 96 376 144 376 0 1e+04 R
RESISTOR 96 400 144 400 0 1e+04 R
WIRE 144 376 144 400 0
WIRE 144 280 144 304 0
RESISTOR 96 304 144 304 0 1e+04 R
RESISTOR 96 280 144 280 0 1e+04 R
WIRE 144 328 144 352 0
RESISTOR 96 352 144 352 0 1e+04 R
RESISTOR 96 328 144 328 0 1e+04 R
WIRE 96 64 48 64 0
WIRE 48 64 48 160 0
WIRE 48 160 48 280 0
WIRE 96 280 48 280 0
WIRE 96 88 32 88 0
WIRE 32 88 32 208 0
WIRE 32 208 48 208 0
WIRE 32 208 32 328 0
WIRE 32 328 96 328 0
WIRE 96 328 96 304 0
WIRE 16 112 96 112 0
WIRE 16 112 16 256 0
WIRE 16 256 48 256 0
WIRE 16 256 16 376 0
WIRE 96 376 16 376 0
WIRE 48 280 48 400 0
WIRE 96 352 96 376 0
WIRE 96 400 48 400 0
DIODE 144 136 192 136 2 default D
DIODE 144 184 192 184 2 default D
DIODE 144 232 192 232 2 default D
DIODE 144 280 192 280 2 default D
DIODE 144 328 192 328 2 default D
DIODE 144 376 192 376 2 default D
WIRE 192 136 192 184 0
WIRE 192 184 192 232 0
WIRE 192 280 192 328 0
WIRE 192 328 192 376 0
RESISTOR 192 184 240 184 0 4.7e+05 R
OUTPUT_TERMINAL 240 88 256 88 0 output
RAIL 368 320 368 304 0 SIN 5 5 6 0 0 0.50 1 1 1 0
RAIL 320 320 320 304 0 SIN 5 5 6 120 0 0.50 1 1 1 0
RAIL 272 320 272 304 0 SIN 5 5 6 -120 0 0.50 1 1 1 0
WIRE 192 280 192 232 0
GROUND 240 184 248 184 0
RESISTOR 192 88 240 88 0 1e+05 R
WIRE 240 88 240 128 0
WIRE 192 88 192 120 0
RESISTOR 192 40 192 88 0 1e+05 R
RAIL_DC 192 40 192 32 0 DC 100 10 0 0 0 0.50 0 0 0 0
OPAMP 192 128 240 128 8 10 0 100000 7.99 7.99
OUTPUT_TERMINAL 272 320 272 328 0 W
OUTPUT_TERMINAL 320 320 320 328 0 V
OUTPUT_TERMINAL 368 320 368 328 0 U
INPUT_TERMINAL 16 112 16 32 0 W
INPUT_TERMINAL 32 88 32 32 0 V
INPUT_TERMINAL 48 64 48 32 0 U
CAPACITOR 192 232 240 232 0 1e-06 7.99 C
GROUND 240 232 248 232 0
o 16 18 12 0 4 72_GREEN 71_BLUE 70_RED 58_MAGENTA
& 59 1 0 5 振幅
& 59 2 0 5 バイアス電圧
& 59 3 0 1000 周波数
