$ 16 1E-05 1 53
RESISTOR 296 424 296 384 0 10000 R
RESISTOR 296 384 296 344 0 10000 R
RESISTOR 336 384 336 424 0 470 R/2
CAPACITOR 376 384 376 344 0 4.7E-08 -0.289033543901553 C
CAPACITOR 376 424 376 384 0 4.7E-08 0.592244830190662 C
CAPACITOR 256 424 256 384 0 1E-07 -0.595848378726896 2C
TRANSISTOR 392 400 416 400 0 1 0.303211286289109 0.600432683725394 100 Tr
RESISTOR 416 344 456 344 0 1000 
CAPACITOR 416 384 456 384 0 1E-07 0.731618046812422 
RESISTOR 456 384 456 424 0 100000 
RAIL 456 344 456 328 0 DC 40 1.5 0 0 0.5
WIRE 296 424 376 424 0 
WIRE 296 344 376 344 0 
WIRE 392 400 392 424 0 
WIRE 376 424 392 424 0 
WIRE 376 344 416 344 0 
WIRE 416 344 416 384 0 
WIRE 336 384 376 384 0 
WIRE 256 384 296 384 0 
GROUND 416 416 416 432 0 
GROUND 456 424 456 432 0 
GROUND 256 424 256 432 0 
GROUND 336 424 336 432 0 
TEXT 297 319 376 340 4 11 f\q1/(2πCR)
o 9 8 INVALID 4098 1.6  0 2 9 INVALID 9 INVALID
