$ 1 1E-08 0.116 26
RESISTOR 424 408 424 344 0 1000 R
RESISTOR 424 344 424 280 0 1000 R
RESISTOR 296 344 360 344 0 330 R/2
CAPACITOR 296 344 296 280 0 2.2E-10 -0.45397364194575 C
CAPACITOR 296 408 296 344 0 2.2E-10 0.50664373069548 C
CAPACITOR 424 344 360 344 0 4.7E-10 0.490023159439274 2C
TRANSISTOR 264 344 232 344 0 1 0.0526700887497297 0.612469515943667 400 Tr
RESISTOR 168 280 232 280 0 1000 
CAPACITOR 424 344 488 344 0 1E-10 0.607614470990772 
RESISTOR 488 344 488 408 0 10000 
RAIL 168 280 168 264 0 DC 40 3 0 0 0.5
WIRE 296 408 424 408 0 
WIRE 296 280 424 280 0 
WIRE 264 344 264 408 0 
WIRE 264 408 296 408 0 
WIRE 232 280 296 280 0 
GROUND 232 360 232 416 0 
GROUND 488 408 488 416 0 
TEXT 225 247 340 278 4 16 f\q1/(2πCR)
GROUND 360 344 360 376 0 
WIRE 232 280 232 328 0 
o 9 4 INVALID 5130 0.4  0 6 9 INVALID 9 INVALID 9 INVALID 9 INVALID 9 INVALID 9 INVALID
38 2 0 50 330 レジスタンス(Ω)
