$ 1 2E-10 0.116 1
INDUCTOR 72 112 72 200 0 5e-08 -0.0395 L
CAPACITOR 112 112 112 200 0 1e-11 -5.13 C
CAPACITOR 112 112 152 112 0 3.3e-11 -0.258 C
RESISTOR 152 112 152 200 0 1e+05 R
WIRE 152 112 192 112 0
CAPACITOR 192 112 192 152 0 3.3e-11 -3.86 C
CAPACITOR 192 152 192 200 0 6.8e-11 -1.02 C
WIRE 72 112 112 112 0
INDUCTOR 232 152 232 200 0 1e-06 -0.000212 L
WIRE 192 152 232 152 0
GROUND 72 200 72 208 0
GROUND 112 200 112 208 0
GROUND 152 200 152 208 0
GROUND 192 200 192 208 0
GROUND 232 200 232 208 0
WIRE 232 128 232 152 0
CAPACITOR 232 152 272 152 0 1e-10 -0.00209 C
CAPACITOR 232 72 272 72 0 1e-10 1.5 C
WIRE 232 72 232 96 0
RESISTOR 272 152 272 200 0 1e+04 R
GROUND 272 200 272 208 0
WIRE 272 112 272 152 0
RESISTOR 312 152 312 200 0 4.7e+03 R
WIRE 312 128 312 152 0
GROUND 312 200 312 208 0
CAPACITOR 312 152 352 152 0 1e-10 0.585 C
CAPACITOR 312 72 352 72 0 1e-10 1.5 C
WIRE 312 72 312 96 0
RAIL_DC 232 72 232 48 0 DC 100 1.5 0 0 0 0.50 0 0 0 0
RAIL_DC 312 72 312 48 0 DC 100 1.5 0 0 0 0.50 0 0 0 0
GROUND 272 48 272 40 0
GROUND 352 48 352 40 0
RESISTOR 352 152 352 200 0 1e+06 R
GROUND 352 200 352 208 0
JFET 192 112 232 112 0 -1 0.00125 Tr
JFET 272 112 312 112 0 -1 0.00125 Tr
RESISTOR 272 72 272 48 0 0.001 R
RESISTOR 352 72 352 48 0 0.001 R
o 1 65562 2 0 1 32_RED
