$ 1 1E-08 0.057 6
RESISTOR 256 176 256 112 0 1e+03 R
RESISTOR 256 112 256 48 0 1e+03 R
CAPACITOR 128 112 128 48 0 2.2e-10 -1.04 C
CAPACITOR 128 176 128 112 0 2.2e-10 0.487 C
CAPACITOR 256 112 192 112 0 4.7e-10 0.634 2C
TRANSISTOR 96 112 64 112 0 1 -0.552 0.587 100 Tr
RESISTOR 24 48 64 48 0 1e+03
CAPACITOR 256 112 320 112 0 1e-10 0.637
RESISTOR 320 112 320 176 0 1e+04
RAIL 24 48 24 32 0 DC 40 3 0 0 1 0.00 0 0 0 0
WIRE 128 176 256 176 0
WIRE 128 48 256 48 0
WIRE 96 112 96 176 0
WIRE 96 176 128 176 0
WIRE 64 48 128 48 0
GROUND 64 128 64 184 0
GROUND 320 176 320 184 0
TEXT 49 15 193 41 4 16 f\s\q\s1\s/\s(2piCR)
GROUND 192 112 192 152 0
WIRE 64 48 64 96 0
POT 128 112 192 80 0 330 0.4555 R/2
WIRE 192 112 192 80 0
WIRE 192 80 160 80 0
o 1 26 2 0 1 8_GREEN
