$ 1 1E-06 0.329 1
OPAMP 112 96 184 96 10 3 -3 100000 0.000000 0.000000
CAPACITOR 112 56 184 56 0 1E-09 0.001506 C
WIRE 184 56 184 96 0
WIRE 112 56 112 88 0
GROUND 112 104 112 120 0
RESISTOR 80 88 80 152 0 150000 R
RESISTOR 232 96 232 144 0 150000 R
OPAMP 184 152 112 152 11 3 -3 100000 -0.001563 -0.001563
WIRE 112 88 80 88 0
WIRE 80 152 112 152 0
CAPACITOR 184 192 112 192 0 1E-09 0.000056 C
WIRE 112 152 112 192 0
WIRE 184 160 184 192 0
RESISTOR 184 192 232 192 0 150000 R
CAPACITOR 232 192 232 144 0 1E-09 0.001563 C
GROUND 232 192 232 216 0
WIRE 232 144 184 144 0
WIRE 184 96 232 96 0
LABELED_NODE 80 152 64 152 0 output2
TEXT 60 11 251 50 4 24 f\s\q\s1\s/\s2πCR
LABELED_NODE 232 96 248 96 0 output1 label
o 16 12290 0.002212 0 1 20_GREEN
o 16 12290 0.002212 0 1 18_GREEN
