$ 1 1E-06 1 28
OPAMP 104 104 176 104 10 3 -3 100000 0.000000 0.000000
CAPACITOR 104 64 176 64 0 1E-09 0.002115 C
WIRE 176 64 176 104 0
WIRE 104 64 104 96 0
GROUND 104 112 104 128 0
RESISTOR 72 96 72 208 0 150000 R
RESISTOR 224 104 224 200 0 150000 R
OPAMP 176 208 104 208 11 3 -3 100000 -0.000747 -0.000747
WIRE 104 96 72 96 0
WIRE 72 208 104 208 0
CAPACITOR 176 248 104 248 0 1E-09 -0.001367 C
WIRE 104 208 104 248 0
WIRE 176 216 176 248 0
RESISTOR 176 248 224 248 0 150000 R
CAPACITOR 224 248 224 200 0 1E-09 0.000747 C
GROUND 224 248 224 272 0
WIRE 224 200 176 200 0
WIRE 176 104 224 104 0
LABELED_NODE 72 208 32 208 0 output2
TEXT 60 19 187 45 4 16 f\s\q\s1\s/\s2πCR
LABELED_NODE 224 104 256 104 0 output1 label
o 64 12290 0.001103 0 1 20_GREEN
o 64 12290 0.001103 1 1 18_GREEN
