$ 1 1E-05 0.044 1
OPAMP 24 96 72 96 10 5 -5 1000000 0.000000 -2.417461
RESISTOR 72 96 120 96 0 2260 R1
OPAMP 120 88 168 88 11 5 -5 1000000 0.000000 0.000000
WIRE 120 80 120 40 0
WIRE 120 40 24 40 0
WIRE 24 40 24 88 0
WIRE 120 96 120 128 0
WIRE 168 88 168 128 0
CAPACITOR 120 128 168 128 0 2.2E-07 0.067130 C
RESISTOR 24 128 72 128 0 10000 R2
WIRE 72 96 72 128 0
WIRE 24 104 24 128 0
RESISTOR 24 152 168 152 0 9100 R3
WIRE 24 128 24 152 0
WIRE 168 128 168 152 0
LABELED_NODE 168 88 184 88 0 Tri
LABELED_NODE 72 96 72 80 0 Sqr
TEXT 10 9 238 36 4 16 f\q1/(4・C・R1)・(R2/R3)
o 4 12290 4.592807 0 1 15_GREEN
o 4 4098 6.400000 1 1 16_GREEN
38 1 0 1000 10000 R1
