$ 1 1E-05 1 5
OPTO_COUPLER 160 80 224 80 0 default 4.452676_4.452676_0.169484_24.000000_2 1_-23.830516_0.169481_700
OPTO_COUPLER 160 128 224 128 0 default 4.452676_4.452676_12.544443_12.036865_2 1_0.507578_0.581307_700
OPTO_COUPLER 160 208 224 208 0 default 4.452676_4.452676_24.507617_24.000000_2 1_0.507617_0.579707_700
OPTO_COUPLER 160 256 224 256 0 default 4.452676_4.452676_0.169482_23.999998_2 1_-23.830516_0.169481_700
OPTO_COUPLER 160 336 224 336 0 default 4.452676_4.452676_0.169484_24.000000_2 1_-23.830516_0.169481_700
OPTO_COUPLER 160 384 224 384 0 default 4.452676_4.452676_0.169482_23.999998_2 1_-23.830516_0.169481_700
WIRE 160 112 144 112 0 
WIRE 160 160 144 160 0 
WIRE 160 240 144 240 0 
WIRE 160 288 144 288 0 
WIRE 160 368 144 368 0 
WIRE 160 416 144 416 0 
WIRE 144 112 144 160 0 
WIRE 144 160 144 240 0 
WIRE 144 240 144 288 0 
WIRE 144 288 144 368 0 
WIRE 144 368 144 416 0 
WIRE 224 80 256 80 0 
WIRE 224 208 256 208 0 
WIRE 224 336 256 336 0 
WIRE 256 80 256 128 0 
WIRE 256 128 256 208 0 
WIRE 256 208 256 256 0 
WIRE 256 256 256 336 0 
WIRE 256 336 256 384 0 
WIRE 224 416 256 416 0 
WIRE 224 368 280 368 0 
WIRE 224 288 376 288 0 
WIRE 224 240 400 240 0 
WIRE 224 160 488 160 0 
WIRE 224 112 512 112 0 
WIRE 280 368 280 416 0 
WIRE 376 288 376 416 0 
WIRE 400 240 400 416 0 
WIRE 488 160 488 416 0 
WIRE 512 112 512 416 0 
WIRE 512 112 528 112 0 
WIRE 488 160 528 160 0 
WIRE 400 240 416 240 0 
WIRE 376 288 416 288 0 
WIRE 280 368 304 368 0 
WIRE 256 416 304 416 0 
RESISTOR 224 128 256 128 0 22000 R
RESISTOR 224 256 256 256 0 22000 R
RESISTOR 224 384 256 384 0 22000 R
RESISTOR 144 416 144 456 0 330 R
RESISTOR 256 416 256 456 0 22000 R
RESISTOR 280 416 280 456 0 47000 R
RESISTOR 376 416 376 456 0 22000 R
RESISTOR 400 416 400 456 0 47000 R
RESISTOR 488 416 488 456 0 22000 R
RESISTOR 512 416 512 456 0 47000 R
GROUND 144 456 144 464 0 
GROUND 256 456 256 464 0 
GROUND 280 456 280 464 0 
GROUND 376 456 376 464 0 
GROUND 400 456 400 464 0 
GROUND 488 456 488 464 0 
GROUND 512 456 512 464 0 
RAIL 160 80 96 80 4 PULSE 400 5 0 -2.0943951023932 0.33
RAIL 160 128 56 128 4 PULSE 400 5 0 1.0471975511966 0.33
RAIL 160 208 96 208 4 PULSE 400 5 0 0 0.33
RAIL 160 256 56 256 4 PULSE 400 5 0 3.14159265358979 0.33
RAIL 160 336 96 336 4 PULSE 400 5 0 2.0943951023932 0.33
RAIL 160 384 56 384 4 PULSE 400 5 0 -1.0471975511966 0.33
RAIL 256 80 256 24 0 DC 40 24 0 0 0.5
MOSFET 304 416 328 416 32 1.5 0.02 Tr
MOSFET 416 240 440 240 32 1.5 0.02 Tr
WIRE 328 384 328 392 0 
WIRE 328 392 328 400 0 
GROUND 328 432 328 464 0 
GROUND 440 304 440 464 0 
WIRE 440 264 440 272 0 
WIRE 440 256 440 264 0 
MOSFET 304 368 328 368 32 1.5 0.02 Tr
MOSFET 416 288 440 288 32 1.5 0.02 Tr
MOSFET 528 160 552 160 32 1.5 0.02 Tr
WIRE 552 128 552 136 0 
WIRE 552 136 552 144 0 
GROUND 552 176 552 464 0 
MOSFET 528 112 552 112 32 1.5 0.02 Tr
WIRE 328 352 328 80 0 
WIRE 440 224 440 80 0 
WIRE 552 96 552 80 0 
WIRE 552 80 440 80 0 
WIRE 440 80 328 80 0 
WIRE 328 392 592 392 0 
WIRE 440 264 592 264 0 
WIRE 552 136 592 136 0 
WIRE 328 80 256 80 0 
RESISTOR 744 320 744 280 0 4 R
RESISTOR 672 320 672 280 0 4 R
RESISTOR 816 320 816 280 0 4 R
WIRE 888 184 976 184 0 
RESISTOR 1000 168 1056 168 0 10000 R
RESISTOR 1000 200 1056 200 0 10000 R
RESISTOR 1000 248 1056 248 0 10000 R
RESISTOR 1000 280 1056 280 0 10000 R
RESISTOR 1000 328 1056 328 0 10000 R
RESISTOR 1000 360 1056 360 0 10000 R
WIRE 1000 168 1000 184 0 
WIRE 1000 184 1000 200 0 
WIRE 1000 248 1000 264 0 
WIRE 1000 264 1000 280 0 
WIRE 1000 328 1000 344 0 
WIRE 1000 344 1000 360 0 
WIRE 1056 200 1056 248 0 
WIRE 1056 280 1056 328 0 
WIRE 1056 168 1080 168 0 
WIRE 1080 168 1080 360 0 
WIRE 1056 360 1080 360 0 
WIRE 1056 200 1104 200 0 
WIRE 1080 168 1104 168 0 
WIRE 1056 248 1104 248 0 
WIRE 1056 280 1104 280 0 
WIRE 1056 328 1104 328 0 
WIRE 1080 360 1104 360 0 
WIRE 1000 264 944 264 0 
WIRE 1000 344 912 344 0 
WIRE 1000 184 976 184 0 
WIRE 888 248 888 184 0 
VOLTMETER 1104 200 1104 168 1 1 X1
VOLTMETER 1104 280 1104 248 1 1 X1
VOLTMETER 1104 360 1104 328 1 1 X1
CAPACITOR 912 344 912 392 0 2.2E-07 9.53956610778782 C
CAPACITOR 944 344 944 392 0 2.2E-07 12.5313784731823 C
CAPACITOR 976 344 976 392 0 2.2E-07 6.97935895737144 C
WIRE 944 264 944 344 0 
WIRE 976 184 976 344 0 
WIRE 800 264 944 264 0 
WIRE 888 344 912 344 0 
GROUND 912 392 912 400 0 
GROUND 944 392 944 400 0 
GROUND 976 392 976 400 0 
TRANSFORMER 672 320 704 352 4 0.0001 1 0.320080815230312 10.3533559298408 0.999 T
TRANSFORMER 744 320 776 352 4 0.0001 1 0.310629892034681 -10.1025059856276 0.999 T
TRANSFORMER 816 320 848 352 4 0.0001 1 -0.63071070726503 -0.250849944213211 0.999 T
WIRE 672 280 640 280 0 
WIRE 744 264 744 280 0 
WIRE 656 248 816 248 0 
WIRE 816 248 816 280 0 
WIRE 672 280 728 280 0 
WIRE 800 264 800 352 0 
WIRE 800 352 816 352 0 
WIRE 728 280 728 352 0 
WIRE 728 352 744 352 0 
WIRE 744 264 800 264 0 
WIRE 656 248 656 352 0 
WIRE 656 352 672 352 0 
RESISTOR 704 352 704 392 0 1 R
RESISTOR 776 352 776 392 0 1 R
RESISTOR 848 352 848 392 0 1 R
GROUND 704 392 704 400 0 
GROUND 776 392 776 400 0 
GROUND 848 392 848 400 0 
WIRE 592 136 592 248 0 
WIRE 592 280 592 392 0 
WIRE 656 248 640 248 0 
WIRE 728 280 888 280 0 
WIRE 888 344 888 280 0 
WIRE 816 248 888 248 0 
RAIL 864 320 864 480 0 AC 400 12 0 0 0.5
RAIL 792 320 792 480 0 AC 400 12 0 2.0943951023932 0.5
RAIL 720 320 720 480 0 AC 400 12 0 -2.0943951023932 0.5
WIRE 704 320 720 320 0 
WIRE 776 320 792 320 0 
WIRE 848 320 864 320 0 
WIRE 744 264 640 264 0 
SWITCH 592 248 640 248 0 0 False
SWITCH 592 264 640 264 0 0 False
SWITCH 592 280 640 280 0 0 False
o 59 2  4098 5  0 2 59  60 
o 93 2  12290 15.2454180129345  0 1 93 
o 121 2  12290 2.99333510493673  0 1 121 
