$ 17 1E-06 0.798 4
INVERT 24 160 24 192 0 0.5 5
INVERT 48 160 48 192 0 0.5 5
INVERT 72 160 72 192 0 0.5 5
WIRE 24 192 24 304 0
WIRE 48 192 48 200 0
WIRE 72 192 72 216 0
WIRE 104 104 104 320 0
WIRE 128 128 128 232 0
WIRE 152 152 152 184 0
WIRE 72 160 72 152 0
WIRE 72 152 152 152 0
WIRE 48 160 48 128 0
WIRE 48 128 128 128 0
WIRE 24 160 24 104 0
WIRE 24 104 104 104 0
WIRE 152 152 152 80 0
WIRE 128 128 128 80 0
AND_GATE 168 192 192 192 1 2 0 5
AND_GATE 168 224 192 224 1 2 0 5
AND_GATE 168 296 192 296 1 2 0 5
AND_GATE 168 328 192 328 1 2 5 5
AND_GATE 168 400 192 400 1 2 5 5
AND_GATE 168 432 192 432 1 2 0 5
WIRE 168 184 152 184 0
WIRE 168 200 48 200 0
WIRE 168 216 72 216 0
WIRE 168 232 128 232 0
WIRE 168 288 128 288 0
WIRE 168 304 24 304 0
WIRE 168 320 104 320 0
WIRE 168 336 48 336 0
WIRE 168 392 104 392 0
WIRE 168 408 72 408 0
WIRE 168 424 24 424 0
WIRE 168 440 152 440 0
WIRE 24 424 24 456 0
WIRE 24 304 24 424 0
WIRE 48 336 48 456 0
WIRE 48 200 48 336 0
WIRE 72 216 72 408 0
WIRE 72 408 72 456 0
WIRE 104 392 104 456 0
WIRE 104 320 104 392 0
WIRE 128 288 128 456 0
WIRE 128 232 128 288 0
WIRE 152 184 152 440 0
WIRE 152 440 152 456 0
RAIL 128 80 128 48 0 PWM_MONOPOLE 100 5 0 0 0 1.00 0 0 0
RAIL 152 80 192 48 0 PWM_MONOPOLE 100 5 0 0 120 1.00 0 0 0
RAIL 104 80 64 48 0 PWM_MONOPOLE 100 5 0 0 -120 1.00 0 0 0
WIRE 104 104 104 80 0
MOSFET 384 184 448 184 32 1.5 0.02 Tr
MOSFET 368 232 448 232 32 1.5 0.02 Tr
WIRE 448 200 448 208 0
WIRE 448 208 448 216 0
RESISTOR 432 312 384 312 0 22000 R
WIRE 384 184 384 208 0
WIRE 448 208 544 208 0
WIRE 480 312 544 312 0
WIRE 384 288 384 312 0
WIRE 480 312 480 320 0
WIRE 480 304 480 312 0
MOSFET 344 336 480 336 32 1.5 0.02 Tr
MOSFET 384 288 480 288 32 1.5 0.02 Tr
WIRE 512 416 544 416 0
WIRE 384 392 384 416 0
RESISTOR 432 416 384 416 0 22000 R
WIRE 512 416 512 424 0
WIRE 512 408 512 416 0
MOSFET 320 440 512 440 32 1.5 0.02 Tr
MOSFET 384 392 512 392 32 1.5 0.02 Tr
WIRE 480 272 480 152 0
WIRE 512 376 512 152 0
WIRE 448 168 448 152 0
WIRE 448 152 480 152 0
WIRE 480 152 512 152 0
WIRE 448 248 448 480 0
WIRE 480 352 480 480 0
WIRE 512 456 512 480 0
WIRE 512 416 432 416 0
WIRE 480 312 432 312 0
RESISTOR 384 208 432 208 0 22000 R
WIRE 448 208 432 208 0
WIRE 448 480 480 480 0
WIRE 480 480 512 480 0
WIRE 368 232 368 440 0
RESISTOR 320 440 320 480 0 10000 R
RESISTOR 344 440 344 480 0 10000 R
RESISTOR 368 440 368 480 0 10000 R
WIRE 344 336 344 440 0
WIRE 320 480 344 480 0
WIRE 344 480 368 480 0
WIRE 368 480 448 480 0
WIRE 344 336 320 336 0
WIRE 368 232 320 232 0
WIRE 384 184 280 184 0
WIRE 384 288 280 288 0
WIRE 384 392 280 392 0
RESISTOR 320 440 280 440 0 10000 R
RESISTOR 320 336 280 336 0 10000 R
RESISTOR 320 232 280 232 0 10000 R
RESISTOR 480 480 480 520 0 0.1 R
GROUND 480 520 480 528 0
ANALOG_SW 232 184 280 184 0 20 10000000000
ANALOG_SW 280 232 232 232 0 20 10000000000
ANALOG_SW 232 288 280 288 0 20 10000000000
ANALOG_SW 280 336 232 336 0 20 10000000000
ANALOG_SW 232 392 280 392 0 20 10000000000
ANALOG_SW 280 440 232 440 0 20 10000000000
WIRE 232 184 232 232 0
WIRE 232 232 232 288 0
WIRE 232 288 232 336 0
WIRE 232 392 232 440 0
WIRE 232 336 232 392 0
WIRE 448 152 232 152 0
WIRE 232 152 232 184 0
WIRE 256 320 208 320 0
WIRE 256 408 208 408 0
WIRE 256 304 208 304 0
WIRE 256 216 208 216 0
WIRE 256 200 208 200 0
WIRE 256 424 208 424 0
WIRE 192 192 208 192 0
WIRE 208 192 208 200 0
WIRE 192 224 208 224 0
WIRE 208 224 208 216 0
WIRE 192 296 208 296 0
WIRE 208 296 208 304 0
WIRE 208 320 208 328 0
WIRE 208 328 192 328 0
WIRE 192 400 208 400 0
WIRE 208 400 208 408 0
WIRE 192 432 208 432 0
WIRE 208 432 208 424 0
RAIL_DC 480 152 480 120 0 DC 100 24 0 0 0 0.50 0 0 0
RESISTOR 616 280 576 352 0 1 R
RESISTOR 576 352 656 352 0 1 R
RESISTOR 656 352 616 280 0 1 R
WIRE 616 280 616 208 0
WIRE 616 208 544 208 0
WIRE 544 312 576 312 0
WIRE 576 312 576 352 0
WIRE 544 416 656 416 0
WIRE 656 416 656 352 0
CAPACITOR 616 280 616 328 0 0.0001 -0.056568 C
CAPACITOR 616 328 576 352 0 0.0001 -0.036903 C
CAPACITOR 616 328 656 352 0 0.0001 -0.243923 C
o 64 12290 0.700669 0 1 137_RED
o 64 12290 0.700669 0 1 136_RED
o 64 12290 0.700658 0 1 135_RED
