$ 0 1E-06 0.065 14
RAIL 496 216 496 184 0 DC 40 7.4 0 0 0 0.00 0 0 0
RAIL_AC 896 752 896 832 0 AC 400 1 0 -120 5 0.00 0 1 1
RAIL_AC 800 752 800 832 0 AC 400 1 0 0 5 0.00 0 1 1
RAIL_AC 704 752 704 832 0 AC 400 1 0 120 5 0.00 0 1 1
MOSFET 432 248 528 248 32 1.5 0.02
MOSFET 432 312 528 312 32 1.5 0.02
MOSFET 432 400 496 400 32 1.5 0.02
MOSFET 432 464 496 464 32 1.5 0.02
MOSFET 432 552 464 552 32 1.5 0.02
MOSFET 432 616 464 616 32 1.5 0.02
TRANSFORMER 840 680 872 712 0 0.001 10 -0.014071 -0.004090 0.999
TRANSFORMER 744 680 776 712 0 0.001 10 -0.013982 0.007467 0.999
TRANSFORMER 648 680 680 712 0 0.001 10 0.028053 -0.003377 0.999
RESISTOR 432 616 432 648 0 10000 Rw-
RESISTOR 432 552 432 584 0 10000 Rw\p
RESISTOR 432 464 432 496 0 10000 Rv-
RESISTOR 432 312 432 344 0 10000 Ru-
RESISTOR 432 248 432 280 0 10000 Ru\p
RESISTOR 432 400 432 432 0 10000 Rv\p
RESISTOR 744 680 744 648 0 10
RESISTOR 648 680 648 648 0 10
RESISTOR 840 680 840 648 0 10
RESISTOR 696 680 696 712 0 1
RESISTOR 792 680 792 712 0 1
RESISTOR 888 680 888 712 0 1
RESISTOR 496 648 496 688 0 0.1 Rs
CAPACITOR 680 456 680 504 0 1E-09 3.789073
CAPACITOR 704 456 704 504 0 1E-09 3.733433
CAPACITOR 728 456 728 504 0 1E-09 3.617169
SWITCH 592 488 592 536 0 0 False 2
SWITCH 608 488 608 536 0 0 False 2
SWITCH 624 488 624 536 0 0 False 2
SWITCH_MULTI 632 656 632 624 0 0 False 1 2
SWITCH_MULTI 728 656 728 624 0 0 False 1 2
SWITCH_MULTI 824 656 824 624 0 0 False 1 2
WIRE 400 216 400 368 0
WIRE 400 368 400 520 0
WIRE 384 216 400 216 0
WIRE 384 368 400 368 0
WIRE 384 520 400 520 0
WIRE 464 536 464 216 0
WIRE 496 384 496 216 0
WIRE 528 232 528 216 0
WIRE 400 216 464 216 0
WIRE 496 216 528 216 0
WIRE 528 344 528 648 0
WIRE 528 280 432 280 0
WIRE 496 432 432 432 0
WIRE 464 584 432 584 0
WIRE 384 248 432 248 0
WIRE 384 312 432 312 0
WIRE 384 400 432 400 0
WIRE 384 464 432 464 0
WIRE 384 552 432 552 0
WIRE 384 616 432 616 0
WIRE 464 216 496 216 0
WIRE 496 648 528 648 0
WIRE 464 648 496 648 0
WIRE 464 568 464 584 0
WIRE 464 584 464 600 0
WIRE 496 416 496 432 0
WIRE 496 432 496 448 0
WIRE 528 264 528 280 0
WIRE 528 280 528 296 0
WIRE 568 408 568 280 0
WIRE 528 280 568 280 0
WIRE 464 584 568 584 0
WIRE 568 456 568 584 0
WIRE 496 432 568 432 0
WIRE 840 648 840 552 0
WIRE 744 648 744 568 0
WIRE 648 648 648 584 0
WIRE 824 656 824 712 0
WIRE 824 712 840 712 0
WIRE 728 656 728 712 0
WIRE 728 712 744 712 0
WIRE 632 712 648 712 0
WIRE 872 680 888 680 0
WIRE 776 680 792 680 0
WIRE 680 680 696 680 0
WIRE 832 624 832 608 0
WIRE 736 624 736 608 0
WIRE 640 624 640 608 0
WIRE 832 608 736 608 0
WIRE 736 608 640 608 0
WIRE 816 624 816 568 0
WIRE 720 624 720 584 0
WIRE 624 624 624 552 0
WIRE 568 408 624 408 0
WIRE 568 432 608 432 0
WIRE 592 456 624 456 0
WIRE 608 432 624 432 0
WIRE 728 408 728 456 0
WIRE 704 432 704 456 0
GROUND 496 688 496 696 0
GROUND 680 712 680 720 0
GROUND 776 712 776 720 0
GROUND 872 712 872 720 0
GROUND 680 504 680 512 0
GROUND 704 504 704 512 0
GROUND 728 504 728 512 0
RESISTOR 768 504 768 456 0 10000 RVw
RESISTOR 808 456 808 504 0 10000 RVv
RESISTOR 848 504 848 456 0 10000 RVu
WIRE 768 504 808 504 0
WIRE 808 504 848 504 0
WIRE 632 656 632 712 0
SWITCH_MULTI 696 712 696 752 0 0 False 3 2
SWITCH_MULTI 792 712 792 752 0 0 False 3 2
SWITCH_MULTI 888 712 888 752 0 0 False 3 2
GROUND 688 752 688 760 0
GROUND 784 752 784 760 0
GROUND 880 752 880 760 0
OPTO_COUPLER 336 216 384 216 0 default 0.000000_0.000000_3.777327_7.400000_2 1_-3.622673_0.169481_700
OPTO_COUPLER 336 280 384 280 0 default 4.435318_4.435318_4.119599_3.607846_2 1_0.511753_0.571406_700
OPTO_COUPLER 336 368 384 368 0 default 0.000000_0.000000_3.814243_7.400000_2 1_-3.585757_0.169481_700
OPTO_COUPLER 336 432 384 432 0 default 0.000000_0.000000_0.173694_3.644761_2 1_-3.471068_0.169481_700
OPTO_COUPLER 336 520 384 520 0 default 4.435318_4.435318_7.911753_7.400000_2 1_0.511753_0.571392_700
OPTO_COUPLER 336 584 384 584 0 default 0.000000_0.000000_0.173694_3.798542_2 1_-3.624848_0.169481_700
RESISTOR 336 248 296 248 0 470
RESISTOR 336 312 296 312 0 470
RESISTOR 336 400 296 400 0 470
RESISTOR 336 464 296 464 0 470
RESISTOR 336 552 296 552 0 470
RESISTOR 336 616 296 616 0 470
WIRE 296 248 296 312 0
WIRE 296 312 296 400 0
WIRE 296 400 296 464 0
WIRE 296 464 296 552 0
WIRE 296 552 296 616 0
GROUND 296 616 296 648 0
WIRE 432 496 496 496 0
WIRE 432 648 464 648 0
WIRE 464 632 464 648 0
WIRE 528 344 432 344 0
WIRE 528 328 528 344 0
RESISTOR 624 408 680 408 0 1000
RESISTOR 624 432 680 432 0 1000
RESISTOR 624 456 680 456 0 1000
WIRE 680 432 704 432 0
WIRE 728 408 848 408 0
WIRE 848 408 848 456 0
WIRE 704 432 808 432 0
WIRE 808 432 808 456 0
WIRE 680 456 768 456 0
WIRE 728 408 680 408 0
WIRE 608 488 608 432 0
WIRE 624 488 624 408 0
WIRE 720 584 648 584 0
WIRE 816 568 744 568 0
WIRE 840 552 624 552 0
WIRE 624 536 624 552 0
WIRE 744 568 608 568 0
WIRE 608 568 608 536 0
WIRE 648 584 592 584 0
WIRE 592 584 592 536 0
WIRE 496 496 496 648 0
WIRE 384 280 432 280 0
WIRE 384 432 432 432 0
WIRE 384 584 432 584 0
WIRE 160 176 160 208 0
AND_GATE 176 216 200 216 1 2 0 5
AND_GATE 176 280 200 280 1 2 5 5
WIRE 336 368 240 368 0
WIRE 336 432 224 432 0
WIRE 336 520 200 520 0
WIRE 336 584 200 584 0
AND_GATE 176 368 200 368 1 2 0 5
AND_GATE 176 432 200 432 1 2 0 5
AND_GATE 176 520 200 520 1 2 5 5
AND_GATE 176 584 200 584 1 2 0 5
WIRE 136 152 136 288 0
WIRE 112 128 112 440 0
WIRE 176 208 160 208 0
WIRE 176 360 136 360 0
WIRE 176 512 112 512 0
WIRE 176 288 136 288 0
WIRE 176 424 56 424 0
WIRE 176 576 32 576 0
WIRE 160 208 160 592 0
WIRE 136 288 136 360 0
WIRE 136 360 136 600 0
WIRE 112 440 112 512 0
WIRE 112 512 112 600 0
WIRE 80 208 80 272 0
WIRE 56 208 56 224 0
WIRE 32 208 32 376 0
WIRE 176 224 56 224 0
WIRE 176 272 80 272 0
WIRE 176 376 32 376 0
WIRE 176 440 112 440 0
WIRE 176 528 80 528 0
WIRE 176 592 160 592 0
WIRE 32 576 32 600 0
WIRE 80 528 80 600 0
WIRE 56 424 56 600 0
WIRE 80 272 80 528 0
WIRE 56 224 56 424 0
WIRE 32 376 32 576 0
WIRE 160 592 160 600 0
INVERT 80 184 80 208 0 0.5 5
INVERT 56 184 56 208 0 0.5 5
INVERT 32 184 32 208 0 0.5 5
WIRE 160 176 80 176 0
WIRE 80 176 80 184 0
WIRE 56 184 56 152 0
WIRE 56 152 136 152 0
WIRE 32 184 32 128 0
WIRE 32 128 112 128 0
RAIL 112 128 80 80 0 PWM_MONOPOLE 400 5 0 -120 0 1.00 0 1 0
RAIL 136 128 136 80 0 PWM_MONOPOLE 400 5 0 0 0 1.00 0 1 0
RAIL 160 128 192 80 0 PWM_MONOPOLE 400 5 0 120 0 1.00 0 1 0
WIRE 136 128 136 152 0
WIRE 160 128 160 176 0
WIRE 592 456 592 488 0
VOLTMETER 880 408 880 504 1 0 AUTO
WIRE 848 504 880 504 0
WIRE 848 408 880 408 0
WIRE 568 456 592 456 0
WIRE 496 480 496 496 0
WIRE 200 216 272 216 0
WIRE 200 280 256 280 0
CAPACITOR 528 648 528 688 0 1E-05 0.004212
GROUND 528 688 528 696 0
NOR_GATE 264 616 264 656 1 2 0 5
NOR_GATE 232 616 232 656 1 2 5 5
WIRE 272 616 272 216 0
WIRE 272 216 336 216 0
WIRE 256 616 256 280 0
WIRE 256 280 336 280 0
WIRE 240 616 240 368 0
WIRE 224 616 224 432 0
WIRE 240 368 200 368 0
WIRE 224 432 200 432 0
LABELED_NODE 264 656 264 680 0 Vu label
LABELED_NODE 232 656 232 680 0 Vv label
o 2 4114 5.000000 0 2 17_GREEN 16_RED Ru\p,\sRu-
o 2 12290 0.157480 0 1 215_GREEN Vu
o 2 4098 6.400000 0 1 234_GREEN
38 1 5 -180 180 オフセット位相(degrees)
38 210 4 0 1000 周波数(Hz)
