$ 1 1E-10 1 0
INDUCTOR 144 96 144 184 0 1e-07 0.0789 L
CAPACITOR 184 96 184 184 0 1e-11 -1.08 C
CAPACITOR 184 96 224 96 0 3.3e-11 1.3 C
RESISTOR 224 96 224 184 0 1e+05 R
WIRE 224 96 264 96 0
CAPACITOR 264 96 264 136 0 3.3e-11 -2.16 C
CAPACITOR 264 136 264 184 0 6.8e-11 -0.215 C
WIRE 144 96 184 96 0
INDUCTOR 304 136 304 184 0 1e-06 0.00177 L
WIRE 264 136 304 136 0
GROUND 144 184 144 192 0
GROUND 184 184 184 192 0
GROUND 224 184 224 192 0
GROUND 264 184 264 192 0
GROUND 304 184 304 192 0
WIRE 304 112 304 136 0
CAPACITOR 304 136 344 136 0 1e-09 -0.000577 C
CAPACITOR 304 56 344 56 0 1e-09 1.5 C
WIRE 304 56 304 80 0
RESISTOR 344 136 344 184 0 1e+04 R
GROUND 344 184 344 192 0
WIRE 344 96 344 136 0
RESISTOR 384 136 384 184 0 4.7e+03 R
WIRE 384 112 384 136 0
GROUND 384 184 384 192 0
CAPACITOR 384 136 424 136 0 1e-09 0.00682 C
CAPACITOR 384 56 424 56 0 1e-09 1.5 C
WIRE 384 56 384 80 0
RAIL_DC 304 56 304 32 0 DC 100 1.5 0 0 0 0.50 0 0 0 0
RAIL_DC 384 56 384 32 0 DC 100 1.5 0 0 0 0.50 0 0 0 0
GROUND 344 32 344 24 0
GROUND 424 32 424 24 0
RESISTOR 424 136 424 184 0 1e+06 R
GROUND 424 184 424 192 0
JFET 264 96 304 96 0 -1 0.00125 Tr
JFET 344 96 384 96 0 -1 0.00125 Tr
RESISTOR 344 56 344 32 0 0.001 R
RESISTOR 424 56 424 32 0 0.001 R
o 1 65562 3 0 1 32_RED
