$ 0 1E-07 0.116 34
TRANSISTOR 56 184 104 184 0 1 0.274919 0.515375 400 Tr
CAPACITOR 24 184 24 224 0 1E-08 0.515375 C
GROUND 104 200 104 232 0
RESISTOR 104 168 104 128 0 100000 R
LABELED_NODE 152 168 192 168 0 出力 label
RAIL 152 88 152 72 4 PULSE 10000 5 0 0 0 0.50 0 0 0
RESISTOR 56 184 56 128 0 20000 R
MOSFET 104 184 152 184 32 1.5 0.02 Tr
RESISTOR 152 168 152 128 0 100000 R
GROUND 152 200 152 232 0
WIRE 104 128 56 128 0
GROUND 24 224 24 232 0
WIRE 104 168 104 184 0
RESISTOR 152 88 152 128 0 1000 R
RESISTOR 56 184 56 224 0 4700 R
GROUND 56 224 56 232 0
WIRE 56 184 24 184 0
WIRE 104 128 152 128 0
o 16 12290 5.000000 0 1 5_GREEN 入力
o 16 12290 4.732783 0 1 4_GREEN 出力
o 16 12290 0.557269 0 1 16_GREEN 充電電圧
