$ 1 1E-05 0.717 1
ANALOG_SW 128 56 128 88 0 20 10000000000
ANALOG_SW 128 104 128 136 0 20 10000000000
RESISTOR 128 104 176 104 0 1000 R
WIRE 128 56 176 56 0
WIRE 128 88 336 88 0
WIRE 128 136 304 136 0
WIRE 128 272 240 272 0
WIRE 128 224 272 224 0
WIRE 128 192 176 192 0
RESISTOR 128 240 176 240 0 1000 R
ANALOG_SW 128 240 128 272 0 20 10000000000
ANALOG_SW 128 192 128 224 0 20 10000000000
WIRE 128 408 176 408 0
WIRE 128 360 208 360 0
WIRE 128 328 176 328 0
RESISTOR 128 376 176 376 0 1000 R
ANALOG_SW 128 376 128 408 0 20 10000000000
ANALOG_SW 128 328 128 360 0 20 10000000000
WIRE 176 376 176 328 0
WIRE 176 328 176 240 0
WIRE 176 240 176 192 0
WIRE 176 192 176 104 0
WIRE 176 104 176 56 0
RESISTOR 176 408 176 456 0 1000 R
RESISTOR 208 408 208 456 0 2200 R
WIRE 208 360 208 408 0
RESISTOR 240 408 240 456 0 1000 R
RESISTOR 272 408 272 456 0 2200 R
WIRE 240 408 240 272 0
WIRE 272 408 272 224 0
RESISTOR 304 408 304 456 0 1000 R
RESISTOR 336 408 336 456 0 2200 R
WIRE 304 408 304 136 0
WIRE 336 408 336 88 0
RAIL_DC 176 56 176 32 0 DC 100 12 0 0 0 0.50 0 0 0
MOSFET 336 88 384 88 32 1.5 0.02 Tr
MOSFET 304 136 384 136 32 1.5 0.02 Tr
WIRE 384 104 384 112 0
WIRE 384 112 384 120 0
MOSFET 272 224 384 224 32 1.5 0.02 Tr
MOSFET 240 272 384 272 32 1.5 0.02 Tr
MOSFET 208 360 384 360 32 1.5 0.02 Tr
MOSFET 176 408 384 408 32 1.5 0.02 Tr
WIRE 384 240 384 248 0
WIRE 384 248 384 256 0
WIRE 384 376 384 384 0
WIRE 384 384 384 392 0
RAIL_DC 384 72 384 48 0 DC 100 12 0 0 0 0.50 0 0 0
RAIL_DC 384 208 384 184 0 DC 100 12 0 0 0 0.50 0 0 0
RAIL_DC 384 344 384 320 0 DC 100 12 0 0 0 0.50 0 0 0
GROUND 384 424 384 432 0
GROUND 384 288 384 296 0
GROUND 384 152 384 160 0
RAIL 112 72 88 72 0 PWM 10 5 0 0 0 0.90 0 0 0
RAIL 112 120 48 120 0 PWM 10 5 0 0 180 0.90 0 0 0
RAIL 112 208 88 208 0 PWM 10 5 0 0 120 0.90 0 0 0
RAIL 112 256 48 256 0 PWM 10 5 0 0 -60 0.90 0 0 0
RAIL 112 344 88 344 0 PWM 10 5 0 0 -120 0.90 0 0 0
RAIL 112 392 48 392 0 PWM 10 5 0 0 60 0.90 0 0 0
GROUND 176 456 176 464 0
GROUND 208 456 208 464 0
GROUND 240 456 240 464 0
GROUND 272 456 272 464 0
GROUND 304 456 304 464 0
GROUND 336 456 336 464 0
WIRE 416 384 512 384 0
WIRE 480 112 592 112 0
WIRE 552 248 448 248 0
RESISTOR 552 296 552 248 0 100 R
RESISTOR 552 296 592 328 0 100 R
RESISTOR 552 296 512 328 0 100 R
WIRE 512 328 512 384 0
WIRE 592 328 592 112 0
CAPACITOR 416 384 416 456 0 1E-05 1.045096 C
CAPACITOR 448 384 448 456 0 1E-05 0.856315 C
CAPACITOR 480 384 480 456 0 1E-05 6.957538 C
GROUND 416 456 416 464 0
GROUND 448 456 448 464 0
GROUND 480 456 480 464 0
WIRE 416 384 384 384 0
WIRE 448 384 448 248 0
WIRE 480 384 480 112 0
WIRE 448 248 384 248 0
WIRE 480 112 384 112 0
o 64 4098 12.800000 0 1 68_GREEN
