$ 1 1E-05 0.439 27
OPAMP 72 104 120 104 10 5 0 1000000 2.500000 2.734756
RESISTOR 120 104 168 104 0 1990 R1
OPAMP 168 96 216 96 11 5 0 1000000 2.499999 2.500000
WIRE 168 88 168 56 0
WIRE 168 56 72 56 0
WIRE 72 56 72 96 0
WIRE 168 104 168 136 0
WIRE 216 96 216 136 0
CAPACITOR 168 136 216 136 0 2.2E-07 1.826636 C
RESISTOR 72 136 120 136 0 10000 R2
WIRE 120 104 120 136 0
WIRE 72 112 72 136 0
RESISTOR 24 96 24 40 0 10000
RESISTOR 24 96 24 152 0 10000
GROUND 24 152 24 160 0
RESISTOR 72 160 216 160 0 9100 R3
WIRE 72 136 72 160 0
WIRE 216 136 216 160 0
OPAMP 304 104 352 104 11 5 0 1000000 3.514500 0.673364
RESISTOR 352 104 352 152 0 1000
GROUND 352 152 352 160 0
GROUND 256 152 256 160 0
POT 256 104 272 152 0 50000 0.2971 VR
WIRE 304 112 304 128 0
RESISTOR 24 96 72 96 0 1000000
LABELED_NODE 352 104 352 72 0 PWM
RAIL 256 104 256 24 0 DC 40 5 0 0 1 0.00 0 0 0
RAIL 24 40 24 24 0 DC 40 5 0 0 1 0.00 0 0 0
RESISTOR 272 128 304 128 0 1000000
RESISTOR 272 96 304 96 0 1000000
WIRE 216 96 272 96 0
LABELED_NODE 216 96 216 72 0 Tri
LABELED_NODE 120 104 120 72 0 Sqr
TEXT 66 33 194 48 4 9 f\q1/(4・C・R1)・(R2/R3)
RESISTOR 352 104 400 104 0 1000
CAPACITOR 400 104 400 152 0 4.7E-06 1.442074
GROUND 400 152 400 160 0
LABELED_NODE 400 104 400 72 0 output
o 4 12290 4.785086 0 1 31_GREEN
o 4 12290 5.000127 0 1 25_GREEN
o 64 4098 6.400000 1 1 37_GREEN
38 1 0 1000 10000 R1
