$ 1 1E-08 0 0
RESISTOR 256 192 256 120 0 1e+03 R
RESISTOR 256 120 256 48 0 1e+03 R
CAPACITOR 128 120 128 48 0 2.2e-10 -0.486 C
CAPACITOR 128 192 128 120 0 2.2e-10 0.783 C
CAPACITOR 256 120 192 120 0 4.7e-10 0.741 2C
TRANSISTOR 96 120 64 120 0 1 0.298 0.632 100 Tr
RESISTOR 24 48 64 48 0 1e+03
CAPACITOR 256 120 320 120 0 1e-10 0.687
RESISTOR 320 120 320 192 0 1e+04
RAIL 24 48 24 32 0 DC 40 3 0 0 1 0.00 0 0 0 0
WIRE 128 192 256 192 0
WIRE 128 48 256 48 0
WIRE 96 120 96 192 0
WIRE 96 192 128 192 0
WIRE 64 48 128 48 0
GROUND 64 136 64 200 0
GROUND 320 192 320 200 0
TEXT 49 15 193 41 4 16 f\s\q\s1\s/\s(2piCR)
GROUND 192 120 192 160 0
WIRE 64 48 64 104 0
POT 128 120 192 96 0 330 0.4654 R/2
WIRE 192 120 192 96 0
WIRE 192 96 160 96 0
o 1 26 2 0 1 8_GREEN
