$ 1 1.5E-06 0.208 0
RAIL 152 376 192 416 0 PWM_MONOPOLE 100 5 0 0 0 0.95 0 0 0 0
RAIL 136 376 136 416 0 PWM_MONOPOLE 100 5 0 120 0 0.95 0 0 0 0
LABELED_NODE 224 120 232 120 0 U+
LABELED_NODE 224 160 232 160 0 U-
XOR_GATE 88 56 88 128 1 2 5 5
AND_GATE 176 120 224 120 1 2 0 5
AND_GATE 176 160 224 160 1 2 5 5
WIRE 176 128 176 152 0
WIRE 176 208 176 232 0
WIRE 152 56 152 112 0
AND_GATE 176 240 224 240 1 2 0 5
AND_GATE 176 200 224 200 1 2 0 5
XOR_GATE 56 56 56 128 1 2 0 5
LABELED_NODE 224 240 232 240 0 V-
LABELED_NODE 224 200 232 200 0 V+
LABELED_NODE 224 280 232 280 0 W+
LABELED_NODE 224 320 232 320 0 W-
XOR_GATE 24 56 24 128 1 2 5 5
AND_GATE 176 280 224 280 1 2 5 5
AND_GATE 176 320 224 320 1 2 0 5
WIRE 176 288 176 312 0
RAIL 120 376 80 416 0 PWM_MONOPOLE 100 5 0 -120 0 0.95 0 0 0 0
WIRE 120 24 120 272 0
WIRE 136 40 136 192 0
WIRE 96 56 152 56 0
WIRE 80 40 136 40 0
WIRE 80 40 64 40 0
WIRE 120 24 48 24 0
WIRE 152 112 176 112 0
WIRE 176 192 176 168 0
WIRE 136 192 176 192 0
WIRE 176 272 176 248 0
WIRE 120 272 176 272 0
WIRE 152 328 176 328 0
WIRE 80 56 80 40 0
WIRE 48 24 48 56 0
WIRE 64 40 64 56 0
WIRE 96 56 32 56 0
WIRE 16 56 16 24 0
WIRE 16 24 48 24 0
WIRE 152 112 152 328 0
WIRE 176 128 88 128 0
WIRE 176 208 56 208 0
WIRE 176 288 24 288 0
WIRE 56 128 56 208 0
WIRE 24 128 24 288 0
WIRE 120 272 120 376 0
WIRE 136 192 136 376 0
WIRE 152 328 152 376 0
VOLTMETER 224 120 224 160 1 0 FIXED
VOLTMETER 224 200 224 240 1 0 FIXED
VOLTMETER 224 280 224 320 1 0 FIXED
o 8 2 2.5 0 1 0_GREEN U
o 8 2 2.5 0 1 1_BLUE V
o 8 2 2.5 0 1 21_RED W
o 8 8194 2.5 1 1 49_GREEN
o 8 8194 2.5 1 1 50_BLUE
o 8 8194 2.5 1 1 51_RED
