$ 1 5E-11 0.065 7
TRANSISTOR 232 224 256 224 0 1 -0.777 0.535 100 Tr
TRANSISTOR 328 224 304 224 0 1 -0.987 0.535 100 Tr
TRANSISTOR 240 192 256 192 0 1 -1.4 0.528 100 Tr
TRANSISTOR 320 192 304 192 0 1 -1.17 0.54 100 Tr
RESISTOR 256 208 304 208 0 1e+04
WIRE 232 224 232 280 0
WIRE 232 280 328 280 0
WIRE 328 280 328 224 0
WIRE 256 240 256 280 0
WIRE 304 240 304 280 0
RESISTOR 256 280 256 320 0 1e+04
RESISTOR 304 280 304 320 0 1e+04
WIRE 304 320 256 320 0
WIRE 256 176 256 152 0
WIRE 256 152 376 152 0
WIRE 304 176 304 136 0
WIRE 304 136 440 136 0
WIRE 256 152 256 112 0
WIRE 304 136 304 112 0
GROUND 320 192 336 192 0
TRANSISTOR 232 96 256 96 0 1 0 0.528 100 Tr
TRANSISTOR 328 96 304 96 0 1 0 0.54 100 Tr
WIRE 232 96 232 56 0
WIRE 256 80 256 56 0
WIRE 304 80 304 56 0
WIRE 328 96 328 56 0
WIRE 328 56 304 56 0
WIRE 304 56 256 56 0
WIRE 256 56 232 56 0
RESISTOR 200 56 200 16 0 4.7e+03
WIRE 232 56 200 56 0
RESISTOR 200 56 200 96 0 2.2e+04
GROUND 200 96 200 104 0
TRANSISTOR 376 96 400 96 0 1 0.112 0.532 100 Tr
TRANSISTOR 440 96 416 96 0 1 0.101 0.521 100 Tr
WIRE 400 112 408 112 0
WIRE 416 112 408 112 0
TRANSISTOR 456 96 480 96 0 1 0.112 0.504 100 Tr
TRANSISTOR 520 96 496 96 0 1 0.101 0.493 100 Tr
WIRE 480 112 488 112 0
WIRE 488 112 496 112 0
WIRE 520 96 520 136 0
WIRE 520 136 440 136 0
WIRE 440 136 440 96 0
WIRE 408 112 408 176 0
WIRE 456 96 456 152 0
WIRE 456 152 376 152 0
WIRE 376 152 376 96 0
WIRE 488 112 488 176 0
WIRE 400 80 400 56 0
WIRE 400 56 496 56 0
WIRE 496 80 496 56 0
WIRE 416 80 416 72 0
WIRE 416 72 480 72 0
WIRE 480 72 480 80 0
RESISTOR 400 56 400 16 0 1e+04
RESISTOR 480 56 480 16 0 1e+04
WIRE 480 56 480 72 0
WIRE 480 16 400 16 0
WIRE 400 16 200 16 0
WIRE 480 72 552 72 0
WIRE 496 56 552 56 0
TRANSISTOR 392 192 408 192 0 1 -0.147 0.545 100 Tr
TRANSISTOR 504 192 488 192 0 1 -0.674 0.517 100 Tr
RESISTOR 408 208 488 208 0 1e+04
TRANSISTOR 376 224 408 224 0 1 -1.48 0.535 100 Tr
TRANSISTOR 520 224 488 224 0 1 -1.01 0.535 100 Tr
WIRE 408 240 408 280 0
WIRE 376 280 328 280 0
WIRE 488 240 488 280 0
WIRE 520 280 376 280 0
GROUND 504 192 528 192 0
WIRE 520 224 520 280 0
WIRE 376 224 376 280 0
RESISTOR 408 280 408 320 0 1e+04
RESISTOR 488 280 488 320 0 1e+04
WIRE 488 320 408 320 0
WIRE 408 320 304 320 0
RESISTOR 200 280 200 240 0 8.1e+04
RESISTOR 200 280 200 320 0 1e+05
WIRE 256 320 200 320 0
WIRE 232 280 200 280 0
GROUND 200 240 200 232 0
RESISTOR 552 72 552 112 0 1e+04
GROUND 552 112 552 120 0
OPAMP 552 64 632 64 10 3 -3 1000000 1.07 1.07 100000
RESISTOR 552 24 632 24 0 1e+04
WIRE 632 24 632 64 0
WIRE 552 24 552 56 0
LABELED_NODE 632 64 672 64 0 output
FM 392 192 368 192 0 100000000 100 0.5 200 FM
RAIL 240 192 216 192 0 SIN 99000000 0.5 0 0 1 0.00 0 0 0 0
WIRE 200 320 128 320 0
WIRE 128 16 200 16 0
VOLTAGE 48 176 48 160 0 DC 40 6 0 0 1 0.00 0 0 0 0
WIRE 96 16 48 16 0
WIRE 96 320 48 320 0
GROUND 96 168 112 168 0
AMMETER 48 160 48 16 1 0 AUTO
RESISTOR 96 168 96 16 0 7.5e+03
RESISTOR 96 320 96 168 0 4.7e+03
WIRE 48 176 48 320 0
VOLTMETER 168 56 168 96 1 0 AUTO
VOLTMETER 168 280 168 240 1 0 AUTO
GROUND 168 96 168 104 0
GROUND 168 240 168 232 0
VOLTMETER 128 320 128 240 1 0 AUTO
GROUND 128 240 128 232 0
VOLTMETER 128 16 128 96 1 0 AUTO
GROUND 128 96 128 104 0
WIRE 128 16 96 16 0
WIRE 128 320 96 320 0
WIRE 200 56 168 56 0
WIRE 200 280 168 280 0
o 64 69634 0.400000 0 1 89_GREEN
o 4 4098 0.400000 1 2 91_GREEN 90_YELLOW
