$ 1 5E-08 0.601 28
OPAMP 240 104 312 104 10 3 -3 1000000 2.5630434923404E-05 0 100000
CAPACITOR 240 64 312 64 0 1E-09 2.56306912277532 C
WIRE 312 64 312 104 0 
WIRE 240 64 240 96 0 
RESISTOR 240 112 240 160 0 1000 R
GROUND 240 160 240 168 0 
RESISTOR 208 96 208 208 0 1000 R
RESISTOR 344 104 344 200 0 1000 R
OPAMP 312 208 240 208 11 3 -3 1000000 -2.10728217907715 -2.10729879516308 100000
WIRE 240 96 208 96 0 
WIRE 208 208 240 208 0 
CAPACITOR 312 248 240 248 0 1E-09 -0.44567358592335 C
WIRE 240 208 240 248 0 
WIRE 312 216 312 248 0 
RESISTOR 312 248 312 296 0 988 R
GROUND 312 296 312 304 0 
CAPACITOR 344 296 344 200 0 1E-09 2.10729879516308 C
GROUND 344 296 344 304 0 
WIRE 344 200 312 200 0 
WIRE 312 104 344 104 0 
LABELED_NODE 344 104 376 104 0 cos
LABELED_NODE 208 208 176 208 0 sin
TEXT 196 19 321 50 4 16 f\s\q\s1\s/\s2πCR
o 20 8 INVALID 4106 3.2  0 4 20 INVALID 20 INVALID 20 INVALID 20 INVALID
o 21 8 INVALID 4098 3.2  0 4 21 INVALID 21 INVALID 21 INVALID 21 INVALID
38 14 0 750 1100 レジスタンス(Ω)
