$ 1 2E-06 1 47
MOSFET 152 152 152 112 32 1.5 0.02 Tr
MOSFET 192 56 192 96 41 1.5 0.02 Tr
WIRE 208 96 208 104 0
WIRE 208 104 208 112 0
WIRE 136 112 136 104 0
WIRE 136 104 136 96 0
WIRE 224 56 224 136 0
RAIL_AC 72 88 56 64 0 AC 10 5 6 0 0 0.50 0 0 0
MOSFET 192 152 192 112 40 1.5 0.02 Tr
WIRE 168 96 176 96 0
MOSFET 152 56 152 96 33 1.5 0.02 Tr
WIRE 152 56 192 56 0
WIRE 168 112 176 112 0
CAPACITOR 264 168 264 104 0 1E-08 -4.470711 C
GROUND 264 168 264 176 0
VOLTMETER1 264 104 312 104 1 0 AUTO
RAIL 112 152 112 208 4 PULSE 1000 5 0 0 0 0.01 0 0 0
RESISTOR 72 88 112 88 0 1 R
RESISTOR 72 120 112 120 0 1 R
RAIL_AC 72 120 56 144 0 AC 1000 1 0 0 0 0.50 0 0 0
WIRE 112 104 136 104 0
MOSFET 192 152 224 152 0 2 0.02 Tr
RESISTOR 112 56 152 56 0 10000 R
GROUND 224 168 224 176 0
WIRE 224 56 192 56 0
WIRE 192 152 152 152 0
RAIL_DC 112 56 112 32 0 DC 100 12 0 0 0 0.50 0 0 0
RESISTOR 224 104 264 104 0 1000 R
WIRE 112 104 112 120 0
WIRE 112 104 112 88 0
WIRE 208 104 224 104 0
WIRE 152 152 112 152 0
o 128 4354 19.999012 0 2 20_BLUE 15_RED
