$ 0 1E-06 0.094 38
RESISTOR 320 64 320 104 0 10000 R
CAPACITOR 352 192 352 232 0 1E-07 0.353135 C
RESISTOR 320 128 320 168 0 10000 R
CAPACITOR 352 64 352 104 0 1E-07 0.557532 C
RESISTOR 320 192 320 232 0 10000 R
CAPACITOR 352 128 352 168 0 1E-07 0.360051 C
WIRE 320 64 352 64 0
WIRE 352 128 320 128 0
WIRE 352 192 320 192 0
WIRE 320 104 352 104 0
WIRE 320 232 352 232 0
WIRE 384 232 352 232 0
WIRE 288 232 288 168 0
WIRE 352 104 384 104 0
WIRE 288 168 288 104 0
GROUND 400 232 424 232 0
GROUND 400 168 424 168 0
GROUND 400 104 424 104 0
AM 440 64 456 64 0 100000 100 1 2.0943951023932 0.33
AM 440 192 456 192 0 100000 100 1 -2.0943951023932 0.33
WIRE 320 168 352 168 0
RESISTOR 400 64 440 64 0 10 R
RESISTOR 400 128 440 128 0 10 R
RESISTOR 400 192 440 192 0 10 R
WIRE 288 168 320 168 0
WIRE 288 232 320 232 0
AM 440 128 456 128 0 100000 100 1 0 0.33
WIRE 384 168 352 168 0
RESISTOR 224 192 224 232 0 100000 R
RESISTOR 256 192 256 232 0 100000 R
RESISTOR 192 192 192 232 0 100000 R
WIRE 320 192 256 192 0
WIRE 320 128 224 128 0
WIRE 224 192 224 128 0
WIRE 320 64 192 64 0
WIRE 192 64 192 192 0
WIRE 192 232 224 232 0
WIRE 224 232 256 232 0
WIRE 320 104 288 104 0
WIRE 160 232 192 232 0
WIRE 256 192 160 192 0
WIRE 192 64 160 64 0
WIRE 224 128 160 128 0
TRANSFORMER 384 64 400 104 0 0.0005 1 0.000000 -0.002485 0.999 T
TRANSFORMER 384 128 400 168 0 0.0005 1 -0.000002 -0.001908 0.999 T
TRANSFORMER 384 192 400 232 0 0.0005 1 -0.000001 -0.001815 0.999 T
OPAMP 128 200 80 200 10 3 0 1000000 0.423567 0.423573
WIRE 128 208 160 208 0
RESISTOR 160 192 128 192 0 47000 R
RESISTOR 80 168 128 168 0 100000 R
WIRE 128 168 128 192 0
WIRE 80 168 80 200 0
WIRE 160 208 160 232 0
OPAMP 128 136 80 136 10 3 0 1000000 0.423567 0.423573
RESISTOR 128 128 160 128 0 47000 R
WIRE 160 208 160 144 0
WIRE 160 144 128 144 0
RESISTOR 80 104 128 104 0 100000 R
WIRE 128 104 128 128 0
WIRE 80 104 80 136 0
OPAMP 128 72 80 72 10 3 0 1000000 0.423571 0.423573
RESISTOR 128 64 160 64 0 47000 R
WIRE 160 144 160 80 0
WIRE 160 80 128 80 0
RESISTOR 80 40 128 40 0 100000 R
WIRE 128 40 128 64 0
WIRE 80 40 80 72 0
RESISTOR 80 200 32 200 0 1000 R
RESISTOR 80 136 32 136 0 1000 R
RESISTOR 80 72 32 72 0 1000 R
GROUND 32 72 32 80 0
GROUND 32 200 32 208 0
GROUND 32 136 32 144 0
GROUND 288 232 288 256 0
DIODE 384 64 352 64 2 default D
DIODE 384 128 352 128 2 default D
DIODE 384 192 352 192 2 default D
