$ 1 9.999999999999999E-06 1.838 0
RESISTOR 152 104 200 104 0 1e+04 R
RESISTOR 152 128 200 128 0 1e+04 R
RESISTOR 152 152 200 152 0 1e+04 R
WIRE 200 104 200 128 0
WIRE 200 128 200 152 0
RESISTOR 104 192 152 192 0 1e+04 R
RESISTOR 152 192 200 192 0 1e+04 R
RESISTOR 152 272 200 272 0 1e+04 R
RESISTOR 104 272 152 272 0 1e+04 R
RESISTOR 104 232 152 232 0 1e+04 R
RESISTOR 152 232 200 232 0 1e+04 R
WIRE 200 272 200 232 0
WIRE 200 232 200 192 0
WIRE 152 232 152 216 0
WIRE 152 216 200 216 0
WIRE 152 192 152 176 0
WIRE 152 176 200 176 0
WIRE 152 272 152 256 0
WIRE 152 256 200 256 0
WIRE 200 192 200 152 0
RESISTOR 152 400 200 400 0 1e+04 R
RESISTOR 152 424 200 424 0 1e+04 R
WIRE 200 400 200 424 0
WIRE 200 304 200 328 0
RESISTOR 152 328 200 328 0 1e+04 R
RESISTOR 152 304 200 304 0 1e+04 R
WIRE 200 352 200 376 0
RESISTOR 152 376 200 376 0 1e+04 R
RESISTOR 152 352 200 352 0 1e+04 R
WIRE 152 104 104 104 0
WIRE 104 104 104 192 0
WIRE 104 192 104 304 0
WIRE 152 304 104 304 0
WIRE 152 128 80 128 0
WIRE 80 128 80 232 0
WIRE 80 232 104 232 0
WIRE 80 232 80 328 0
WIRE 80 328 152 328 0
WIRE 152 352 80 352 0
WIRE 80 352 80 328 0
WIRE 56 152 152 152 0
WIRE 56 152 56 272 0
WIRE 56 272 104 272 0
WIRE 56 272 56 376 0
WIRE 152 376 56 376 0
WIRE 104 304 104 400 0
WIRE 104 400 152 400 0
WIRE 152 424 56 424 0
WIRE 56 424 56 376 0
DIODE 200 176 248 176 2 default D
DIODE 200 216 248 216 2 default D
DIODE 200 256 248 256 2 default D
DIODE 200 304 248 304 2 default D
DIODE 200 352 248 352 2 default D
DIODE 200 400 248 400 2 default D
WIRE 248 176 248 216 0
WIRE 248 216 248 256 0
WIRE 248 304 248 352 0
WIRE 248 352 248 400 0
RESISTOR 248 176 296 176 0 1e+06 R
GROUND 296 176 304 176 0
LABELED_NODE 304 136 320 136 0 output
RAIL 104 104 128 72 0 SIN 10 12 12 0 0 0.50 1 1 0 0
RAIL 80 128 80 72 0 SIN 10 12 12 120 0 0.50 1 1 0 0
RAIL 56 104 32 72 0 SIN 10 12 12 -120 0 0.50 1 1 0 0
WIRE 248 304 248 256 0
AMMETER 56 104 56 152 1 1 FIXED_MILLI
RESISTOR 248 104 304 104 0 1e+05 R
RESISTOR 248 128 200 128 0 1e+05 R
WIRE 248 104 248 128 0
WIRE 304 104 304 136 0
OPAMP 248 136 304 136 8 24 0 100000 17.5 17.5
WIRE 248 144 248 176 0
o 128 2 17.7 0 1 61_RED
& 62 1 0 5 振幅
& 62 2 0 5 バイアス電圧
