$ 1 9.999999999999999E-06 0.706 1
DIODE 144 88 144 56 2 default D
DIODE 176 88 176 56 2 default D
DIODE 208 88 208 56 2 default D
WIRE 176 88 176 112 0
WIRE 208 88 208 136 0
DIODE 208 168 208 136 2 default D
DIODE 176 168 176 136 2 default D
DIODE 144 168 144 136 2 default D
WIRE 144 88 136 88 0
WIRE 176 112 136 112 0
WIRE 136 136 208 136 0
WIRE 176 112 176 136 0
WIRE 144 136 144 88 0
GROUND 144 168 144 176 0
GROUND 176 168 176 176 0
GROUND 208 168 208 176 0
WIRE 144 56 176 56 0
WIRE 176 56 208 56 0
RESISTOR 96 88 136 88 0 1e+03 R
RESISTOR 96 112 136 112 0 1e+03 R
RESISTOR 96 136 136 136 0 1e+03 R
RAIL_AC 96 88 40 64 0 SIN 7 5 5 0 120 0.50 1 1 1 0
RAIL_AC 96 112 40 112 0 SIN 7 5 5 0 0 0.50 1 1 1 0
RAIL_AC 96 136 40 160 0 SIN 7 5 5 0 -120 0.50 1 1 1 0
CAPACITOR 240 56 240 168 0 1e-05 9.24 C
WIRE 208 56 240 56 0
GROUND 240 168 240 176 0
RESISTOR 272 56 272 168 0 1e+05 R
GROUND 272 168 272 176 0
WIRE 240 56 272 56 0
LABELED_NODE 272 56 304 56 0 output
o 32 26 10 0 4 21_RED 22_GREEN 23_BLUE 30_PURPLE
& 21 0 0 5 振幅
& 21 1 0 5 バイアス電圧
& 21 2 0 1000 周波数
