$ 1 5E-08 0.116 1
TRANSISTOR 80 120 120 120 0 1 0.00666 0.0497 400 Tr
CAPACITOR 40 120 40 160 0 1e-08 0.0497 C
GROUND 120 136 120 168 0
RESISTOR 120 104 120 64 0 1e+04 R
LABELED_NODE 200 104 224 104 0 出力 label
RAIL 80 64 24 64 4 PULSE_MONOPOLE 20000 5 0 0 0 0.10 0 0 0 0
RESISTOR 80 120 80 64 0 2.08e+03 R
RESISTOR 160 64 160 104 0 1e+05 R
WIRE 120 64 80 64 0
GROUND 40 160 40 168 0
RESISTOR 80 120 80 160 0 1e+03 R
GROUND 80 160 80 168 0
WIRE 80 120 40 120 0
WIRE 120 64 160 64 0
RESISTOR 200 104 200 64 0 1e+04 R
CAPACITOR 120 104 160 104 0 1e-10 0.473 C
WIRE 200 64 160 64 0
GROUND 200 136 200 168 0
WIRE 160 104 160 120 0
TRANSISTOR 160 120 200 120 0 1 -0.43 -0.43 100 Tr
o 4 8194 2.5 0 1 5_GREEN 入力
o 4 8194 2.5 0 1 4_GREEN 出力
o 4 8194 0.314 0 1 12_GREEN 充電電圧
& 6 0 1000 10000 レジスタンス(Ω)
