$ 0 1E-05 0.324 50
TRANSISTOR 88 104 128 104 0 1 -0.635262 0.553268 100
RESISTOR 128 88 128 32 0 4700 Rc
RESISTOR 128 120 128 168 0 4700 Re
GROUND 128 168 128 176 0
RAIL 128 32 128 16 0 DC 40 3 0 0 1 0.00 0 0 0
CAPACITOR 88 104 48 104 0 1E-06 1.455332
CAPACITOR 168 120 168 168 0 4.7E-05 0.902664
GROUND 168 168 168 176 0
WIRE 128 120 168 120 0
RESISTOR 208 88 208 168 0 10000
GROUND 208 168 208 176 0
RESISTOR 88 32 88 104 0 47000 Rb1
CAPACITOR 128 88 208 88 0 1E-06 2.106640
SWEEP 48 104 32 104 3 20 1000 0.001 0.5
RESISTOR 88 104 88 168 0 47000 Rb2
GROUND 88 168 88 176 0
RAIL 88 32 88 16 0 DC 40 3 0 0 1 0.00 0 0 0
o 64 4098 0.050000 0 1 9_GREEN
